-- This file was protected using Luraph Obfuscator v14.7 [https://lura.ph/]

return({i4=function(N)local l=N[1];local O=N[0];return function()local N=l;O[N[2]][N[3]]=true;end;end,AK=function(N,l,O,H,B,o)if o>0X73 then l*=128;return H,0XD8AD,B,l;elseif o<0b1110_011 then H=N:ZK(O,H);else if o>0B101000 and o<0B10111110 then B=N:aK(l,H,B);return H,57896,B,l;end;end;return H,nil,B,l;end,sj=function(N,l,O)O=(-0Xf+(N.Ds((N.Ws((N.Ws(N.Pe[0X1],l[14070],l[24207]))))>=l[27443]and N.Pe[0B1]or l[4119])));l[12603]=O;return O;end,CK=function(N,N,l,O,H)O=H[0B1000__](N);l=(0B11_10);return l,O;end,iu=function(N)local l=N[0];local O=N[3];local H=N[1];local B=N[4];local o=N[2];local w=N[5];return function(N)o[2][o[1]]=N;O[H]=B(N,w[2][w[1]],l[2][l[1]]);end;end,YJ=function(N)local l=N[0];local O=N[1];return function(N)local H=l;local l=N[H[1]];if not l then return;end;local B,o,w,p,j=H[2],H[3],H[4],H[5],O[2][O[1]];local O=j(l);for l=1,#O do local n=O[l];if n[B]~=o or n[w]~=p then continue;end;return n;end;O=j((N[H[6]]));for N=1,#O do local l=O[N];if l[B]~=o or l[w]~=p then continue;end;return l;end;end;end,tK=function(N,N,l)N=l[0X2f]();return N;end,bO=function(N)local l=N[2];local O=N[1];local H=N[3];local B=N[0];return function()H[2][H[1]](B,O,l);end;end,lJ=function(N)local l=N[2];local O=N[1];local H=N[0];local B=N[5];local o=N[4];local w=N[3];local p=N[6];return function()local N,j,n,g,b=l,w,B[2][B[1]],O,p[2][p[1]];local l,O,B=N[1],N[2],N[3];while j[l]do local N=o[2][o[1]];if not N or not N[O]then break;end;local N,l=g(b);if N and not l then n(0.5);continue;end;H[2][H[1]](B,2);return;end;end;end,pu=function(N)local l=N[0];local O=N[1];local H=N[4];local B=N[5];local o=N[2];local w=N[3];return function(N,p)local j,n=o,B;local B,o=n(N),j[1];if B~=o then O((l(j[2],1,B)));return;end;B=n(p);if B~=o then O((l(j[2],2,B)));return;end;return(H(`{w}{N}`,p));end;end,c4=function(N)local l=N[0];local O=N[1];return function()local N=l[2][l[1]];if not N then return;end;N[O]=true;end;end,aO=function(N)local l=N[3];local O=N[1];local H=N[0];local B=N[2];return function(N)local o,w=H[2][H[1]],B;O[l]=N;for N=2,#o do w[o[N]]();end;end;end,zh=function(N)local l=N[0];return function(N,O)return(l[2][l[1]](function(l)return N(O,l);end));end;end,Yu=function(N)local l=N[2];local O=N[0];local H=N[3];local B=N[4];local o=N[1];local w=N[5];return function(N)N=N/100;H[2][H[1]]=N;o[l]=B(O[2][O[1]],N,w[2][w[1]]);end;end,be=function(N)local l=N[1];local O=N[3];local H=N[2];local B=N[0];return function()local N,o=H,l;if B[2][B[1]][N]==o then B[2][B[1]][N]=O;else B[2][B[1]][N]=o;end;end;end,SK=function(N,l)local O,H=(81);repeat if O>0x2b and O<0B1111100 then H,O=N:kj(l,H,O);continue;else if O<0X51 then return-0X2,H;else if O>81 then O=N:dK(l,O);end;end;end;until false;return nil;end,Z4=function(N)local l=N[1];local O=N[5];local H=N[0];local B=N[2];local o=N[3];local w=N[4];local p=N[6];local j=N[7];return function()local N,n,g,b,X,G,q=j,w,p[2][p[1]],l[2][l[1]],O,o,B[2][B[1]];local l,O,B,o,w=N[1],N[2],N[3],N[4],N[5];while n[l]do g();local N=H[2][H[1]];if not N then continue;end;local l=b(N,O);if not l or l[B]<=0 then continue;end;local O=b(N,o);if not O or l[B]then continue;end;X(G,true,w,false,q);X(G,false,w,false,q);end;end;end,CJ=function(N)local l=N[2];local O=N[4];local H=N[1];local B=N[0];local o=N[3];return function()local N,w,p,j,n=o,l,B,O[2][O[1]],H;local l,O,H=N[1],p[1],p[2];for B=1,#H do local o=H[B];w[`{o}{l}`]=nil;O[o]=nil;H[B]=nil;end;j(5);w[N[2]],n[N[3]],n[N[4]],n[N[5]]=nil;j(5);w[N[6]],w[N[7]]=nil;end;end,NK=function(N,l,O,H,B,o,w)if O>0X2a then O=0X2a;if l[49]==l[24]then return-0X1,O;end;return 0X651c,O;else if O<0x37 then if l[26]then N:xK(o,l,B,H);else w[B]=l[0X7][o];end;return 0x3dcb,O;end;end;return nil,O;end,Ej=function(N,l,O,H,B)O[0Xa]=B[N.ke];if not H[15010]then H[0X7999]=(-805306289+(N.fs((N.Pe[2]>N.Pe[0B1001]and H[0X5E8_F]or N.Pe[0X9])-N.Pe[0X1]+H[24207],(l))));l=(-0X3Eca21C5+(N.cs((N.ss(H[0X00258e]+H[9614]+N.Pe[0X9],(l))))));H[0X3AA2]=l;else l=H[0X3Aa2];end;return l;end,qJ=function(N)local l=N[3];local O=N[7];local H=N[9];local B=N[5];local o=N[8];local w=N[10];local p=N[4];local j=N[6];local n=N[1];local g=N[2];local b=N[0];return function(N)local X=j;if N then local N=w;local j=B;N[X[1]]=true;n(j);O[2][O[1]]=b(o,X[2]);p(j[X[3]]);else local N=H;n(N);local H=O[2][O[1]];if H then g(H);end;p(N[X[3]]);w[X[1]]=false;end;l[2][l[1]]=nil;end;end,I=function(N)local l=N[0];return function(N)if N then return;end;l[2][l[1]](true);end;end,ge=function()return function(N,l)if not N[1][l]then return N[2][l];end;return N[3][l];end;end,p4=function(N)local l=N[3];local O=N[2];local H=N[0];local B=N[1];return function()B[2][B[1]](l,`{O[1]}{H[O[2]]}`);end;end,ku=function(N)local l=N[1];local O=N[3];local H=N[0];local B=N[4];local o=N[2];local w=N[5];return function(N)local p,j=l,(H(N));if j~=p[1]then w((o(p[2],j)));return;end;return(B(`{O}{N}`));end;end,hu=function(N)local l=N[1];local O=N[5];local H=N[3];local B=N[4];local o=N[0];local w=N[2];return function(N)N=N/100;H[2][H[1]]=N;l[o]=w(B[2][B[1]],O[2][O[1]],N);end;end,Uj=function(N,l,O,H,B)local o;l[0x12]=(nil);B=0B11000__0;repeat if B==98 then N:lj(H,l);break;else if B==0B110000 then l[0B10000]=H[N.gj];if not(not O[22936])then B=O[22936];else B=-2116+((N.Ws(O[0X3AA2_]))+N.Pe[1]-O[28565]-O[14070]);(O)[22936]=B;end;continue;else if B==0X4F then l[0X11]=N.Ij;if not O[0X1017]then B=N:_j(B,O);else B=(O[4119]);end;end;end;end;until false;(l)[0b10011]=N.Ws;l[20]=N.ys;(l)[21]=(H[N.Mj]);(l)[22]=H[N.zj];(l)[0X17]=(nil);(l)[0B11000]=(nil);l[0B11001]=(nil);(l)[0X1a]=nil;B=0X2C;repeat o,B=N:Xj(l,H,O,B);if o==32174 then break;else if o==0x96cb then continue;end;end;until false;return B;end,W4=function(N)local l=N[0];local O=N[7];local H=N[3];local B=N[5];local o=N[6];local w=N[2];local p=N[1];local j=N[4];return function()local N,n,g,b,X,G,q=H,O,l[2][l[1]],j,p,o[2][o[1]],w[2][w[1]];while n[N]do g();local N=B[2][B[1]];if not N then continue;end;local l=G(N);if l==b or l==X then continue;end;q(N,b);end;end;end,G=function()return function(N)local l={};for O=1,#N do l[O]=(N[O]==0)and 1 or 0;end;return l;end;end,CW=function(N)local l=N[3];local O=N[2];local H=N[4];local B=N[1];local o=N[0];return function()local N,w,p,j,n=l,H,o[2][o[1]],B,O[2][O[1]];local l,O,H,B,o,g=N[1],N[2],N[3],N[4],N[5],N[6];while w[l]do p(0.25);local N=w[O];if not N then continue;end;local l=j(N);for N=1,#l do local O=l[N];if O[H]~=B or O[o]~=g then continue;end;n(O);end;end;end;end,FJ=function(N)local l=N[5];local O=N[0];local H=N[14];local B=N[11];local o=N[9];local w=N[3];local p=N[13];local j=N[4];local n=N[1];local g=N[2];local b=N[8];local X=N[10];local G=N[6];local q=N[7];local y=N[12];return function()local N,M,f,T,S,r,I=X,H[2][H[1]],B[2][B[1]],l[2][l[1]],q[2][q[1]],p[2][p[1]],G[2][G[1]];if not M or not f or not T or not I or not S then return;end;local l=j[N[1]];if not l then return;end;if l==N[2]then local H=N[5];I[N[3]]=T;if r then I[N[4]]=r;I[H]=y[2][y[1]];end;S[N[6]]=b[2][b[1]];M[H]=f;M[N[7]]=g[2][g[1]];local H=n[2][n[1]];if H then H[N[8]]=S;end;else local H,B,B,p,j,g=w[l],cs,N[3],N[5],N[6],N[7];I[B]=H[B];if r then local B=N[4];I[B]=H[B];I[p]=H[N[9]];end;S[j]=H[j]or b[2][b[1]];M[p]=H[p];M[g]=H[g];if n[2][n[1]]then n[2][n[1]][N[8]]=nil;end;end;if l==N[10]then return;end;O[2][O[1]]((o[2][o[1]](S,N[11])));end;end,Gu=function(N)local l=N[0];local O=N[5];local H=N[1];local B=N[3];local o=N[4];local w=N[2];return function(N)N=N/100;l[2][l[1]]=N;o[O]=w(H[2][H[1]],B[2][B[1]],N);end;end,b4=function(N)local l=N[0];local O=N[1];return function(N)l[2][l[1]]=O(0,-(N/100),0);end;end,vJ=function(N)local l=N[0];local O=N[1];return function(N)local H,B=O,l[2][l[1]];while true do H[N]+=2;B();end;end;end,y=function(N)local l=N[3];local O=N[4];local H=N[5];local B=N[0];local o=N[2];local w=N[6];local p=N[1];return function(N,j,n,g,b,X)local G,q,y,M,f,T,S=l,o,B,(O());local l,B=0;if X then B={};end;H(N[G[1]],function(o)local X=G;local r,I=p,o[X[2]];if I~=r[X[3]]and I~=r[X[4]]then return;end;local r=X[5];l,S,T,f=q(),o[r],N[r],true;g(n);end);H(N[G[6]],function(o)if not f or(B and B[1])then return;end;local n=G;local X,r=p,o[n[2]];if r~=X[n[7]]and r~=X[n[3]]then return;end;local X,r,I,Q,x,A,z=n[5],n[8],n[9],n[10],n[11],M,T;local T,_,Y=z[r],z[I],(o[X]-S)/1.25;local o,S=T[Q]+Y[r],_[Q]+Y[I];local r,I=w(T[x],o,_[x],S),(O(o,S));if(A-I)[n[12]]>99 then return;end;N[X]=r;M=I;end);H(N[G[13]],function(N)if not f then return;end;local O,H=G,p;local o=N[O[2]];if o~=H[O[3]]and o~=H[O[14]]then return;end;f=false;g(j);if(q()-l)<0.3 then local N=b;if N then g(y);N();end;end;end);return B;end;end,x=function(N)local l=N[16];local O=N[9];local H=N[10];local B=N[4];local o=N[11];local w=N[12];local p=N[7];local j=N[15];local n=N[1];local g=N[13];local b=N[6];local X=N[0];local G=N[3];local q=N[8];local y=N[2];local M=N[5];local f=N[17];local T=N[14];return function(N)if B[2][B[1]]then return;end;local S,r=f,p;local p,f,I,Q=S[3],S[4],r(N,S[1],1.5),(r(N,S[2],1.5));if not I or I[p]~=y or not Q or Q[f]~=S[5]then return;end;local y,r=S[6],X[2][X[1]];if r then if I[y]~=r then return;end;else local r,x,A=n,q,I[y];local n=x(A,1,12);if x(A,13)~=r or not g(n,S[7])then return;end;X[2][X[1]]=`{n}{r}`;end;local n,g,X,q,r,x,A,z,_=l,G[2][G[1]],M[2][M[1]],b[2][b[1]],j[2][j[1]],o,S[12],S[13],S[14];B[2][B[1]]=true;Q[f]=S[8];Q[S[9]]=w;I[p]=T;I[S[10]]=true;I[S[11]]=O;I[A]=x;N[A]=x;while g[z]==r and N[z]==X and N[_]do I[y]=n(H);q();end;B[2][B[1]]=false;end;end,Lu=function(N)local l=N[1];local O=N[4];local H=N[5];local B=N[0];local o=N[3];local w=N[2];return function(N)N=N/100;l[2][l[1]]=N;O[o]=w(B[2][B[1]],N,H[2][H[1]]);end;end,H4=function(N)local l=N[5];local O=N[0];local H=N[4];local B=N[2];local o=N[3];local w=N[1];return function()local N,p,j,n=O,l[2][l[1]],w,H[2][H[1]];local l,O,H=N[1],N[2],N[3];while o[l]do n();local N=B[2][B[1]];if not N then continue;end;local l=p(N);for N=1,#l do local o=l[N];if not j(o,O)then continue;end;o[H]=false;end;end;local N=B[2][B[1]];if N then return;end;local l=p(N);for N=1,#l do local B=l[N];if not j(B,O)then continue;end;B[H]=true;end;end;end,dj=coroutine,zK=function(N,l,O,H,B)local o,w;if O<161 then if l==0B0 then o,w=N:IK(H,B);if o==-0x2 then return-2,l,w;end;else if l>=B[24]then l-=B[0B110];end;end;else if O>0X66 then N:MK();return 37151,l;end;end;return nil,l;end,FK=function(N,N,l,O)l[0X004]=(O);(l)[0xB]=N;end,We=function(N)local l=N[8];local O=N[3];local H=N[7];local B=N[9];local o=N[0];local w=N[6];local p=N[2];local j=N[1];local n=N[4];local g=N[5];return function()local N=o;local o=H[N[1]];if not o or not o[N[2]]then O[2][O[1]][N[3]]=false;return;end;local H=B(o,N[4]);if not H then O[2][O[1]][N[3]]=false;return;end;if j[N[5]]then local B=n[2][n[1]];if B then local o=N[6];local j=B[o]-H[o];p[2][p[1]][N[7]]=`{l}\10Distance: {g(N[8],w(j,j)^0.5)}`;else p[2][p[1]][N[7]]=l;end;else p[2][p[1]][N[7]]=l;end;O[2][O[1]][N[9]]=H;O[2][O[1]][N[3]]=true;end;end,Es=function(N,l,O,H)if O==0b1101 then l[0B1111][0b1010]=N.Aj;l[15][7]=N.Kj;l[0X00F_][0Xd]=N.nj;l[15][0X9]=N.Lj;return 0XC931,O;else if O==0B110__0110 then l[0Xf__][0X8]=N.fs;if not(not H[12432])then O=(H[12432]);else O=N:ws(H,O);end;end;end;return nil,O;end,E0=function(N)local l=N[1];local O=N[0];return function(N)O[2][O[1]][l]=N;end;end,xK=function(N,l,O,H,B)local o=O[0X7][l];l=nil;for O=0x63,219,0x2__8 do if O<0X8B then l=(#o);elseif O<219 and O>0x8b then N:RK(H,o,l);elseif O>99 and O<0Xb3 then o[l+0x1]=B;continue;else if O>0xB3 then(o)[l+0b011]=(0Xb);end;end;end;end,kW=function(N)local l=N[0];local O=N[1];return function()l[2][l[1]]=O();end;end,Q0=function(N)local l=N[0];return function(N)l[2][l[1]]=N;end;end,ch=function(N)local l=N[2];local O=N[0];local H=N[1];local B=N[3];return function()O[2][O[1]](H[2][H[1]]);l[2][l[1]](B,3);end;end,xh=function(N)local l=N[0];local O=N[3];local H=N[2];local B=N[1];return function()local N,o,w,p,j,n,g,b,X,G=O[2][O[1]],l,H.MyLevel;if N.__BFFirstSea then if w==1 or w<=9 then p,j,n,g="Ba\110dit",'\z  B\x61ndit',"\z\66\u{061}nd\i\116\z  Q\117e\z  s\1161",1;b=o(1059.37195,15.4495068,1550.4231,0.939700544,-0.0,-0.341998369,0,1,-0.0,0.341998369,0,0.939700544);X=o(1045.962646484375,27.00250816345215,1560.8203125);elseif w==10 or w<=14 then p,j,n,g='Mo\110\107ey',"\z Monk\u{065}\z \u{0079}","Jun\z \x67\l\x65\Qu\101\st",1;b=o(-1598.08911,35.5501175,153.377838,0,0,1,0,1,-0.0,-1.0,0,0);X=o(-1448.51806640625,67.85301208496094,11.46579647064209);elseif w==15 or w<=29 then p,j,n,g="\x47\z  orill\za",'\u{0047}\u{6F}\z ri\z l\x6Ca',"J\117\x6E\zg\u{06C}\eQu\z  es\116",2;b=o(-1598.08911,35.5501175,153.377838,0,0,1,0,1,-0.0,-1.0,0,0);X=o(-1129.8836669921875,40.46354675292969,-525.4237060546875);elseif w==30 or w<=39 then p,j,n,g='\80\x69\114a\x74e',"P\zira\116\x65",'Bu\103gyQu\101\st\u{031}',1;b=o(-1141.07483,4.10001802,3831.5498,0.965929627,-0.0,-0.258804798,0,1,-0.0,0.258804798,0,0.965929627);X=o(-1103.513427734375,13.752052307128906,3896.091064453125);elseif w==40 or w<=59 then p,j,n,g="Br\x75t\ze","\z  \66\z r\z  ute","\x42u\x67g\u{79}Ques\116\x31",2;b=o(-1141.07483,4.10001802,3831.5498,0.965929627,-0.0,-0.258804798,0,1,-0.0,0.258804798,0,0.965929627);X=o(-1140.083740234375,14.809885025024414,4322.92138671875);elseif w==60 or w<=74 then p,j,n,g="\z  De\u{073}ert \u{42}a\x6E\100\105t","\x44esert\x20\z\u{42}\97n\100i\116","\68es\x65\z  \114t\81\117\u{65}st",1;b=o(894.488647,5.14000702,4392.43359,0.819155693,-0.0,-0.573571265,0,1,-0.0,0.573571265,0,0.819155693);X=o(924.7998046875,6.44867467880249,4481.5859375);elseif w==75 or w<=89 then j,n,g="De\s\u{0065}r\u{0074}\32Office\z  \x72","\68\zesert\u{0051}\x75\101\x73\x74",2;b=o(894.488647,5.14000702,4392.43359,0.819155693,-0.0,-0.573571265,0,1,-0.0,0.573571265,0,0.819155693);X=o(1608.2822265625,8.614224433898926,4371.00732421875);elseif w==90 or w<=99 then j,n,g='S\x6E\111\119\ Ban\z \100\u{0069}t',"SnowQ\117\101s\x74",1;b=o(1389.74451,88.1519318,-1298.90796,-0.342042685,0,0.939684391,0,1,0,-0.939684391,0,-0.342042685);X=o(1354.347900390625,87.27277374267578,-1393.946533203125);elseif w==100 or w<=119 then j,n,g="\S\x6E\o\u{0077}m\97n",'\u{053}no\119Que\x73t',2;b=o(1389.74451,88.1519318,-1298.90796,-0.342042685,0,0.939684391,0,1,0,-0.939684391,0,-0.342042685);X=o(1201.6412353515625,144.57958984375,-1550.0670166015625);elseif w==120 or w<=149 then j,n,g='\u{43}\h\105e\zf P\x65\116\u{0074}y Of\102i\99e\u{072}','\77\z\97ri\110eQ\u{75}e\st2',1;b=o(-5039.58643,27.3500385,4324.68018,0,0,-1.0,0,1,0,1,0,0);X=o(-4881.23095703125,22.65204429626465,4273.75244140625);elseif w==150 or w<=174 then j,n,g='\x53\x6By Ban\100\105t',"\83kyQu\zes\u{0074}",1;b=o(-4839.53027,716.368591,-2619.44165,0.866007268,0,0.500031412,0,1,0,-0.500031412,0,0.866007268);X=o(-4953.20703125,295.74420166015625,-2899.22900390625);elseif w==175 or w<=189 then j,n,g='Dar\z  k\x20\77a\u{0073}t\101r','Sky\u{051}u\101\115\116',2;b=o(-4839.53027,716.368591,-2619.44165,0.866007268,0,0.500031412,0,1,0,-0.500031412,0,0.866007268);X=o(-5259.8447265625,391.3976745605469,-2229.035400390625);elseif w==190 or w<=209 then j,n,g="\80r\105so\x6Eer",'\80ri\z\115o\u{6E}\u{65}\z  \u{072}\z \Q\u{0075}e\x73\zt',1;b=o(5308.93115,1.65517521,475.120514,-0.0894274712,-5.00292918E-9,-0.995993316,1.60817859e-09,1,-5.16744869E-9,0.995993316,-2.06384709E-9,-0.0894274712);X=o(5098.9736328125,-0.3204058110713959,474.2373352050781);elseif w==210 or w<=249 then j,n,g="D\u{061}n\u{067}\101rou\s\32\P\u{072}\105\x73\111n\e\x72","\P\114\105\x73o\110e\z\114\u{051}uest",2;b=o(5308.93115,1.65517521,475.120514,-0.0894274712,-5.00292918E-9,-0.995993316,1.60817859e-09,1,-5.16744869E-9,0.995993316,-2.06384709E-9,-0.0894274712);X=o(5654.5634765625,15.633401870727539,866.2991943359375);elseif w==250 or w<=274 then j,n,g='\To\103\97 \W\z  arr\io\z\114','\67\o\losseumQues\zt',1;b=o(-1580.04663,6.35000277,-2986.47534,-0.515037298,0,-0.857167721,0,1,0,0.857167721,0,-0.515037298);X=o(-1820.21484375,51.68385696411133,-2740.6650390625);elseif w==275 or w<=299 then j,n,g='\71ladia\116or','\67\z  \x6F\108o\115\x73\z  \u{65}\117\z  mQ\u{0075}\e\115t',2;b=o(-1580.04663,6.35000277,-2986.47534,-0.515037298,0,-0.857167721,0,1,0,0.857167721,0,-0.515037298);X=o(-1292.838134765625,56.380882263183594,-3339.031494140625);elseif w==300 or w<=324 then j,n,g='\77il\i\116ar\y\u{020}\x53\oldi\u{0065}\114',"\77\x61\z  g\u{006D}aQu\x65\x73t",1;b=o(-5313.37012,10.9500084,8515.29395,-0.499959469,0,0.866048813,0,1,0,-0.866048813,0,-0.499959469);X=o(-5411.16455078125,11.081554412841797,8454.29296875);elseif w==325 or w<=374 then j,n,g="M\i\z l\u{0069}\u{74}a\114y \zS\z  \x70y","M\97\u{067}\109\97Q\117\est",2;b=o(-5313.37012,10.9500084,8515.29395,-0.499959469,0,0.866048813,0,1,0,-0.866048813,0,-0.499959469);X=o(-5802.8681640625,86.26241302490234,8828.859375);elseif w==375 or w<=399 then j,n,g="Fis\u{0068}\109an War\z  \114ior",'Fis\u{0068}manQue\st',1;b=o(61122.65234375,18.497442245483,1569.3997802734);X=o(60878.30078125,18.482830047607422,1543.7574462890625);G=B(61163.8515625,11.6796875,1819.7841796875);elseif w==400 or w<=449 then j,n,g="Fis\z h\man\u{0020}\67o\u{6D}\u{006D}\x61n\u{64}\111","Fi\115\hm\97\110Ques\zt",2;b=o(61122.65234375,18.497442245483,1569.3997802734);X=o(61922.6328125,18.482830047607422,1493.934326171875);G=B(61163.8515625,11.6796875,1819.7841796875);elseif w==450 or w<=474 then j,n,g='G\111\z  d\'\115 Guard','\83\u{006B}y\u{0045}xp1\81\u{0075}e\u{073}t',1;b=o(-4721.88867,843.874695,-1949.96643,0.996191859,-0.0,-0.0871884301,0,1,-0.0,0.0871884301,0,0.996191859);X=o(-4710.04296875,845.2769775390625,-1927.3079833984375);G=B(-4607.82275,872.54248,-1667.55688);elseif w==475 or w<=524 then j,n,g="\z S\z \104\u{061}nda","\u{0053}\z  \u{6B}yEx\112\49\x51uest",2;b=o(-7859.09814,5544.19043,-381.476196,-0.422592998,0,0.906319618,0,1,0,-0.906319618,0,-0.422592998);X=o(-7678.48974609375,5566.40380859375,-497.2156066894531);G=B(-7894.6176757813,5547.1416015625,-380.29119873047);elseif w==525 or w<=549 then j,n,g="\82\111\u{79}\97\x6C\ \zS\z \113\x75a\u{64}",'S\107y\z\E\120\112\u{0032}Qu\x65st',1;b=o(-7906.81592,5634.6626,-1411.99194,0,0,-1.0,0,1,0,1,0,0);X=o(-7624.25244140625,5658.13330078125,-1467.354248046875);elseif w==550 or w<=624 then j,n,g="R\zo\u{79}al\32\z S\u{006F}ld\z ier",'\u{0053}ky\E\120\z  \1122Quest',2;b=o(-7906.81592,5634.6626,-1411.99194,0,0,-1.0,0,1,0,1,0,0);X=o(-7836.75341796875,5645.6640625,-1790.6236572265625);elseif w==625 or w<=649 then j,n,g="\zGa\lle\u{0079}\32P\u{069}\114\97\116e",'\x46\z  ou\z nta\105nQues\zt',1;b=o(5259.81982,37.3500175,4050.0293,0.087131381,0,0.996196866,0,1,0,-0.996196866,0,0.087131381);X=o(5551.02197265625,78.90135192871094,3930.412841796875);elseif w>=650 then j,n,g='Ga\u{06C}\108e\y\ C\97\x70t\x61\x69\u{6E}','Foun\116ain\z  \Qu\u{0065}st',2;b=o(5259.81982,37.3500175,4050.0293,0.087131381,0,0.996196866,0,1,0,-0.996196866,0,0.087131381);X=o(5441.95166015625,42.50205993652344,4950.09375);end;elseif N.__BFSecondSea then if w==700 or w<=724 then j,n,g="R\z \97id\u{65}r",'Ar\x65a1Ques\z  t',1;b=o(-429.543518,71.7699966,1836.18188,-0.22495985,0,-0.974368095,0,1,0,0.974368095,0,-0.22495985);X=o(-728.3267211914062,52.779319763183594,2345.7705078125);elseif w==725 or w<=774 then j,n,g="\u{04D}e\114\z\u{063}\101nar\y",'Ar\zea1\81\117\101st',2;b=o(-429.543518,71.7699966,1836.18188,-0.22495985,0,-0.974368095,0,1,0,0.974368095,0,-0.22495985);X=o(-1004.3244018554688,80.15886688232422,1424.619384765625);elseif w==775 or w<=799 then j,n,g="S\119a\110\u{0020}P\i\114\97\z\116e",'\65\z r\101a2Qu\101s\116',1;b=o(638.43811,71.769989,918.282898,0.139203906,0,0.99026376,0,1,0,-0.99026376,0,0.139203906);X=o(1068.664306640625,137.61428833007812,1322.1060791015625);elseif w==800 or w<=874 then j,n,g="\x46ac\x74\z  \o\114y \zStaf\z \102",'\x41\u{0072}ea2Quest',2;b=o(632.698608,73.1055908,918.666321,-0.0319722369,8.96074881e-10,-0.999488771,1.36326533e-10,1,8.92172336e-10,0.999488771,-1.07732087E-10,-0.0319722369);X=o(73.07867431640625,81.86344146728516,-27.470672607421875);elseif w==875 or w<=899 then j,n,g='\M\97\z \114\u{69}\110e L\u{069}\101\117t\e\x6E\97\110t',"M\z \97rin\x65\z \x51\117es\z  \1163",1;b=o(-2440.79639,71.7140732,-3216.06812,0.866007268,0,0.500031412,0,1,0,-0.500031412,0,0.866007268);X=o(-2821.372314453125,75.89727783203125,-3070.089111328125);elseif w==900 or w<=949 then j,n,g='\z M\zari\z  n\e\32\67aptain',"\u{4D}ari\110\ze\Qu\101\115\u{74}3",2;b=o(-2440.79639,71.7140732,-3216.06812,0.866007268,0,0.500031412,0,1,0,-0.500031412,0,0.866007268);X=o(-1861.2310791015625,80.17658233642578,-3254.697509765625);elseif w==950 or w<=974 then j,n,g='Zo\mb\x69\x65','\90\111\109\u{0062}i\u{65}Qu\z\e\z\x73t',1;b=o(-5497.06152,47.5923004,-795.237061,-0.29242146,0,-0.95628953,0,1,0,0.95628953,0,-0.29242146);X=o(-5657.77685546875,78.96973419189453,-928.68701171875);elseif w==975 or w<=999 then j,n,g='V\x61\109p\105\z\x72e','Zo\z mbie\81\117\u{065}\115\x74',2;b=o(-5497.06152,47.5923004,-795.237061,-0.29242146,0,-0.95628953,0,1,0,0.95628953,0,-0.29242146);X=o(-6037.66796875,32.18463897705078,-1340.6597900390625);elseif w==1000 or w<=1049 then j,n,g="Snow\x20\Tro\x6F\p\x65\114","SnowM\x6Funt\z ainQu\101s\116",1;b=o(609.858826,400.119904,-5372.25928,-0.374604106,0,0.92718488,0,1,0,-0.92718488,0,-0.374604106);X=o(549.1473388671875,427.3870544433594,-5563.69873046875);elseif w==1050 or w<=1099 then j,n,g='Wi\x6Eter \War\z\114\zior',"S\110o\z\119M\u{006F}\117\110t\u{61}i\zn\z \81u\u{65}st",2;b=o(609.858826,400.119904,-5372.25928,-0.374604106,0,0.92718488,0,1,0,-0.92718488,0,-0.374604106);X=o(1142.7451171875,475.6398010253906,-5199.41650390625);elseif w==1100 or w<=1124 then j,n,g="La\x62 S\x75bo\x72\z\di\x6E\97te","IceS\105\zdeQ\117\e\st",1;b=o(-6064.06885,15.2422857,-4902.97852,0.453972578,-0.0,-0.891015649,0,1,-0.0,0.891015649,0,0.453972578);X=o(-5707.4716796875,15.951709747314453,-4513.39208984375);elseif w==1125 or w<=1174 then j,n,g='Ho\x72n\ed W\u{0061}r\z rior',"Ic\z eSi\u{0064}\101Q\117e\z  \u{0073}t",2;b=o(-6064.06885,15.2422857,-4902.97852,0.453972578,-0.0,-0.891015649,0,1,-0.0,0.891015649,0,0.453972578);X=o(-6341.36669921875,15.951770782470703,-5723.162109375);elseif w==1175 or w<=1199 then j,n,g="\z  \77\u{61}g\109\97\32N\x69\110ja",'Fi\x72eS\i\100\101\z\81\x75e\s\u{74}',1;b=o(-5428.03174,15.0622921,-5299.43457,-0.882952213,0,0.469463557,0,1,0,-0.469463557,0,-0.882952213);X=o(-5449.6728515625,76.65874481201172,-5808.20068359375);elseif w==1200 or w<=1249 then j,n,g="\z L\97v\97 \80\105\z rat\u{065}",'\z\x46ir\x65S\x69\x64eQuest',2;b=o(-5428.03174,15.0622921,-5299.43457,-0.882952213,0,0.469463557,0,1,0,-0.469463557,0,-0.882952213);X=o(-5213.33154296875,49.73788070678711,-4701.451171875);elseif w==1250 or w<=1274 then j,n,g="\S\u{068}\u{069}\p D\101c\u{06B}hand",'\83\z h\ip\81\117est\49',1;b=o(1037.80127,125.092171,32911.6016);X=o(1212.0111083984375,150.79205322265625,33059.24609375);G=B(923.21252441406,126.9760055542,32852.83203125);elseif w==1275 or w<=1299 then j,n,g='\z \S\z\x68\105p \69n\103\105\z \110\z \101\x65\x72','\z  \83hip\u{51}u\x65\u{73}\116\u{31}',2;b=o(1037.80127,125.092171,32911.6016);X=o(919.4786376953125,43.54401397705078,32779.96875);G=B(923.21252441406,126.9760055542,32852.83203125);elseif w==1300 or w<=1324 then j,n,g='S\104\u{069}\z\u{0070} \83te\119a\zrd',"S\h\z \i\u{70}Q\x75\e\x73t2",1;b=o(968.80957,125.092171,33244.125);X=o(919.4385375976562,129.55599975585938,33436.03515625);G=B(923.21252441406,126.9760055542,32852.83203125);elseif w==1325 or w<=1349 then j,n,g='\83h\i\x70\x20\79f\x66\105\99er',"\zS\z h\105\u{0070}Qu\101st2",2;b=o(968.80957,125.092171,33244.125);X=o(1036.0179443359375,181.4390411376953,33315.7265625);G=B(923.21252441406,126.9760055542,32852.83203125);elseif w==1350 or w<=1374 then j,n,g="A\114\x63t\x69c W\97\u{72}\x72ior","FrostQue\x73\116",1;b=o(5667.6582,26.7997818,-6486.08984,-0.933587909,0,-0.358349502,0,1,0,0.358349502,0,-0.933587909);X=o(5966.24609375,62.97002029418945,-6179.3828125);G=B(-6508.5581054688,5000.034996032715,-132.83953857422);elseif w==1375 or w<=1424 then j,n,g='S\u{6E}o\119 Lurke\114',"F\114ost\u{51}\zues\116",2;b=o(5667.6582,26.7997818,-6486.08984,-0.933587909,0,-0.358349502,0,1,0,0.358349502,0,-0.933587909);X=o(5407.07373046875,69.19437408447266,-6880.88037109375);elseif w==1425 or w<=1449 then j,n,g='\u{053}\z\x65\u{061} \u{053}old\105er','F\111r\103\111t\116\x65nQu\u{065}\115t',1;b=o(-3054.44458,235.544281,-10142.8193,0.990270376,-0.0,-0.13915664,0,1,-0.0,0.13915664,0,0.990270376);X=o(-3028.2236328125,64.67451477050781,-9775.4267578125);elseif w>=1450 then j,n,g="W\97te\x72 \zFi\z\103h\u{74}\x65r",'\70or\go\x74\x74enQ\z\x75\z \es\116',2;b=o(-3054.44458,235.544281,-10142.8193,0.990270376,-0.0,-0.13915664,0,1,-0.0,0.13915664,0,0.990270376);X=o(-3352.9013671875,285.01556396484375,-10534.841796875);end;elseif N.__BFThirdSea then if w==1500 or w<=1524 then j,n,g='Pis\116\ol\ \z  Mil\108\105\111\u{006E}air\z  e',"Pi\u{72}\x61te\z  \x50ortQue\u{73}t",1;b=o(-290.074677,42.9034653,5581.58984,0.965929627,-0.0,-0.258804798,0,1,-0.0,0.258804798,0,0.965929627);X=o(-245.9963836669922,47.30615234375,5584.1005859375);elseif w==1525 or w<=1574 then j,n,g="\80\105\115\z  tol \x42ill\x69onaire","Pira\x74e\u{0050}\x6Frt\x51\z\117e\u{73}\u{074}",2;b=o(-290.074677,42.9034653,5581.58984,0.965929627,-0.0,-0.258804798,0,1,-0.0,0.258804798,0,0.965929627);X=o(-187.3301544189453,86.23987579345703,6013.513671875);elseif w==1575 or w<=1599 then j,n,g="Dra\103on\ C\z  r\101\u{0077} Warr\i\z \x6Fr",'Ama\x7AonQue\115\z t',1;b=o(6736.32958984375,127.4482192993164,-712.3320922851562);X=o(7014.84765625,196.3662567138672,-1024.2913818359375);elseif w==1600 or w<=1624 then j,n,g='\z  Dr\u{061}go\110 Cr\ze\u{0077}\32\z  Arc\u{68}er',"A\z  \109az\111\u{06E}Q\117\x65st",2;b=o(6736.32958984375,127.4482192993164,-712.3320922851562);X=o(6792.60302734375,535.4273681640625,454.4717102050781);elseif w==1625 or w<=1649 then j,n,g='\x48ydr\97\ \69\znfo\z\114c\101r',"A\z  mazo\z\x6EQ\117\z \x65\115\x742",1;b=o(5210.87353515625,1004.1356811523438,755.8411254882812);X=o(4704.02099609375,1043.867431640625,679.615966796875);elseif w==1650 or w<=1699 then j,n,g='\z\x56\x65n\z  om\111u\115 Assai\z \u{06C}an\116',"\z\65\109a\z zon\zQ\x75\101st2",2;b=o(5210.87353515625,1004.1356811523438,755.8411254882812);X=o(4731.27197265625,1090.177978515625,1078.1712646484375);elseif w==1700 or w<=1724 then j,n,g="\x4Dar\105\110e\32\67\u{06F}\x6Dm\u{6F}d\x6Fr\x65",'Mari\x6EeTr\eeIslan\100',1;b=o(2180.54126,27.8156815,-6741.5498,-0.965929747,0,0.258804798,0,1,0,-0.258804798,0,-0.965929747);X=o(2286.0078125,73.13391876220703,-7159.80908203125);elseif w==1725 or w<=1774 then j,n,g='\z  \77\u{0061}\zri\110\ze \z  \x52e\x61r Ad\z \x6Dir\u{061}\108',"M\97\z rin\eTree\73\u{73}lan\u{0064}",2;b=o(2179.98828125,28.731239318848,-6740.0551757813);X=o(3656.773681640625,160.52406311035156,-7001.5986328125);elseif w==1775 or w<=1799 then j,n,g='\F\z is\104\z man\u{0020}\z\x52\97ide\114',"\68\z\101ep\z  F\o\114\u{065}\x73tIsl\x61n\u{0064}\z  \51",1;b=o(-10581.6563,330.872955,-8761.18652,-0.882952213,0,0.469463557,0,1,0,-0.469463557,0,-0.882952213);X=o(-10407.5263671875,331.76263427734375,-8368.5166015625);elseif w==1800 or w<=1824 then j,n,g='\70is\x68m\z an\32\u{0043}\97p\116ai\110','\u{0044}eepF\111\x72estI\u{073}l\x61\110d3',2;b=o(-10581.6563,330.872955,-8761.18652,-0.882952213,0,0.469463557,0,1,0,-0.469463557,0,-0.882952213);X=o(-10994.701171875,352.38140869140625,-9002.1103515625);elseif w==1825 or w<=1849 then j,n,g="\70\x6F\114est Pir\z \u{0061}\116e","D\x65\x65\p\x46o\x72estI\sla\110d",1;b=o(-13234.04,331.488495,-7625.40137,0.707134247,-0.0,-0.707079291,0,1,-0.0,0.707079291,0,0.707134247);X=o(-13274.478515625,332.3781433105469,-7769.58056640625);elseif w==1850 or w<=1899 then j,n,g="\u{004D}yt\ho\108\z  \x6Fg\u{069}\z  \99a\108 P\irate",'\68eepF\111\x72est\73\s\z\x6Can\z\u{0064}',2;b=o(-13234.04,331.488495,-7625.40137,0.707134247,-0.0,-0.707079291,0,1,-0.0,0.707079291,0,0.707134247);X=o(-13680.607421875,501.08154296875,-6991.189453125);elseif w==1900 or w<=1924 then j,n,g="Ju\110gle \80i\u{72}a\116\e","\zD\101ep\70o\114\e\x73t\x49sla\x6E\d\50",1;b=o(-12680.3818,389.971039,-9902.01953,-0.0871315002,0,0.996196866,0,1,0,-0.996196866,0,-0.0871315002);X=o(-12256.16015625,331.73828125,-10485.8369140625);elseif w==1925 or w<=1974 then j,n,g="\77u\115\z k\u{0065}\u{0074}\u{65}e\u{0072}\32P\u{69}\114\u{0061}\116\e",'\De\e\z pF\111\114es\x74I\115land2',2;b=o(-12680.3818,389.971039,-9902.01953,-0.0871315002,0,0.996196866,0,1,0,-0.996196866,0,-0.0871315002);X=o(-13457.904296875,391.545654296875,-9859.177734375);elseif w==1975 or w<=1999 then j,n,g="R\eborn\x20\x53ke\x6Ce\zt\z on","\H\zau\110\116e\x64Q\117\x65s\zt1",1;b=o(-9479.2168,141.215088,5566.09277,0,0,1,0,1,-0.0,-1.0,0,0);X=o(-8763.7236328125,165.72299194335938,6159.86181640625);elseif w==2000 or w<=2024 then j,n,g="\u{004C}ivin\z  \g\u{0020}\Zomb\z  i\101",'Haun\116ed\u{051}\u{075}\u{0065}\zst\49',2;b=o(-9479.2168,141.215088,5566.09277,0,0,1,0,1,-0.0,-1.0,0,0);X=o(-10144.1318359375,138.62667846679688,5838.0888671875);elseif w==2025 or w<=2049 then j,n,g='D\z e\z  m\x6Fn\zi\u{63} S\ou\108',"\Haun\116edQ\117est\50",1;b=o(-9516.99316,172.017181,6078.46533,0,0,-1.0,0,1,0,1,0,0);X=o(-9505.8720703125,172.10482788085938,6158.9931640625);elseif w==2050 or w<=2074 then j,n,g='\80\111\115\x65\x73\115\u{65}\z d M\117mmy','H\97u\110t\101\100\u{51}u\101\z st\x32',2;b=o(-9516.99316,172.017181,6078.46533,0,0,-1.0,0,1,0,1,0,0);X=o(-9582.0224609375,6.251527309417725,6205.478515625);elseif w==2075 or w<=2099 then j,n,g='\80\101an\z\117\116 S\zco\x75t','Nu\u{074}\x73I\115lan\100\zQ\117\u{65}st',1;b=o(-2104.3908691406,38.104167938232,-10194.21875,0,0,-1.0,0,1,0,1,0,0);X=o(-2143.241943359375,47.72198486328125,-10029.9951171875);elseif w==2100 or w<=2124 then j,n,g="Pean\x75\z  t Pr\101\z  \115i\u{64}\u{65}\x6E\u{74}","\78ut\115\I\115la\110dQuest",2;b=o(-2104.3908691406,38.104167938232,-10194.21875,0,0,-1.0,0,1,0,1,0,0);X=o(-1859.35400390625,38.10316848754883,-10422.4296875);elseif w==2125 or w<=2149 then j,n,g="Ic\ze\u{20}\z\67\114\z e\x61\u{06D} \z\67\104\ef","\I\u{0063}\z  \101\67r\101\97\x6D\z\x49\u{0073}land\x51\z  \117\z  e\st",1;b=o(-820.64825439453,65.819526672363,-10965.795898438,0,0,-1.0,0,1,0,1,0,0);X=o(-872.24658203125,65.81957244873047,-10919.95703125);elseif w==2150 or w<=2199 then j,n,g='\zI\u{63}e\32\z Cream C\111m\z m\z and\101r',"I\x63e\Cr\u{65}a\m\z  \u{049}\115la\110\100\zQ\z u\101\x73t",2;b=o(-820.64825439453,65.819526672363,-10965.795898438,0,0,-1.0,0,1,0,1,0,0);X=o(-558.06103515625,112.04895782470703,-11290.7744140625);elseif w==2200 or w<=2224 then j,n,g='\67ook\z  i\ze Cra\z \102ter',"\z \Ca\107eQue\x73t\x31",1;b=o(-2021.32007,37.7982254,-12028.7295,0.957576931,-8.80302053E-8,0.288177818,6.9301187e-08,1,7.51931211e-08,-0.288177818,-5.2032135E-8,0.957576931);X=o(-2374.13671875,37.79826354980469,-12125.30859375);elseif w==2225 or w<=2249 then j,n,g="\z\67\u{061}ke\x20\G\117\97\114d",'Cak\x65\81u\u{0065}\s\u{074}1',2;b=o(-2021.32007,37.7982254,-12028.7295,0.957576931,-8.80302053E-8,0.288177818,6.9301187e-08,1,7.51931211e-08,-0.288177818,-5.2032135E-8,0.957576931);X=o(-1598.3070068359375,43.773197174072266,-12244.5810546875);elseif w==2250 or w<=2274 then j,n,g="B\97\z \u{06B}i\x6E\z g\32St\u{061}ff","Ca\zk\z  \x65Que\x73t\u{32}",1;b=o(-1927.91602,37.7981339,-12842.5391,-0.96804446,4.22142143e-08,0.250778586,4.74911062e-08,1,1.49904711e-08,-0.250778586,2.64211941e-08,-0.96804446);X=o(-1887.8099365234375,77.6185073852539,-12998.3505859375);elseif w==2275 or w<=2299 then j,n,g='\u{0048}\u{065}ad\x20\u{042}ake\114','\z \x43\97\107eQ\117\101\st2',2;b=o(-1927.91602,37.7981339,-12842.5391,-0.96804446,4.22142143e-08,0.250778586,4.74911062e-08,1,1.49904711e-08,-0.250778586,2.64211941e-08,-0.96804446);X=o(-2216.188232421875,82.884521484375,-12869.2939453125);elseif w==2300 or w<=2324 then j,n,g='Coco\97 W\z  a\114rio\u{72}',"\67\u{068}ocQ\z  u\101st1",1;b=o(233.22836303710938,29.876001358032227,-12201.2333984375);X=o(-21.55328369140625,80.57499694824219,-12352.3876953125);elseif w==2325 or w<=2349 then j,n,g='Cho\x63o\u{006C}at\z  \e\ \66\z ar\x20Battl\x65\z\114',"C\u{0068}o\c\81u\x65\115t\49",2;b=o(233.22836303710938,29.876001358032227,-12201.2333984375);X=o(582.590576171875,77.18809509277344,-12463.162109375);elseif w==2350 or w<=2374 then j,n,g='Swe\x65t\32T\104\u{069}ef','Ch\o\99Q\z  \x75\u{0065}st\50',1;b=o(150.5066375732422,30.693693161010742,-12774.5029296875);X=o(165.1884765625,76.05885314941406,-12600.8369140625);elseif w==2375 or w<=2399 then j,n,g='Candy Rebe\x6C','Choc\Qu\101\115\x742',2;b=o(150.5066375732422,30.693693161010742,-12774.5029296875);X=o(134.86563110351562,77.2476806640625,-12876.5478515625);elseif w==2400 or w<=2449 then j,n,g="C\x61\110dy P\x69rate",'Ca\z  \u{6E}d\yQu\z \101s\1161',1;b=o(-1150.0400390625,20.378934860229492,-14446.3349609375);X=o(-1310.5003662109375,26.016523361206055,-14562.404296875);elseif w==2425 or w<=2450 then j,n,g='\u{053}\110\zo\x77 \zD\ze\u{06D}\z\o\110',"Ca\x6E\z  d\121Q\x75es\u{074}1",2;b=o(-1150.0400390625,20.378934860229492,-14446.3349609375);X=o(-750.1473388671875,15.250883102416992,-14343.2578125);elseif w==2450 or w<=2475 then j,n,g="Is\108e Outla\119","TikiQ\u{0075}es\116\49",1;b=o(-16547.45703125,56.00029754638672,-174.1670684814453);X=o(-16303.1435546875,188.16168212890625,-268.9233703613281);elseif w==2475 or w<=2525 then j,n,g='I\115\u{006C}and Boy',"\T\ik\u{69}\81ue\x73\1161",2;b=o(-16547.45703125,56.00029754638672,-174.1670684814453);X=o(-16303.1435546875,188.16168212890625,-268.9233703613281);elseif w==2525 or w<=2550 then j,n,g="Isle \C\u{0068}\u{061}\u{6D}\x70io\110",'Tik\i\z  \x51uest2',2;b=o(-16523.0996,55.9234467,1049.65784,-0.418787986,-0.0126074236,0.907996595,-0.0160101596,0.99985069,0.00649857335,-0.907942891,-0.0118156485,-0.418927342);X=o(-16748.4609375,94.38502502441406,1129.7178955078125);elseif w>=2550 or w<=2600 then j,n,g="\u{53}erp\u{65}\u{6E}\z  \116 H\117\u{6E}ter",'\Ti\z  ki\z \81u\zest\x33',1;b=o(-16665.462890625,105.3105697631836,1577.8289794921875);X=o(-16959.2734375,110.61740112304688,1669.6007080078125);end;end;return p,j,n,g,b,X,G;end;end,yj=function(N,l,O,H)local B,o;for w=0B1101101,0B111100__1,0B1100 do if w==0X6D then if l[0X1d]==l[0X18]then B,o=N:Dj(l);if B~=-0x2 then else return-2,o;end;end;continue;else(l[0Xc])[H]=O(H);end;end;return nil;end,Qu=function(N)local l=N[3];local O=N[5];local H=N[2];local B=N[6];local o=N[9];local w=N[8];local p=N[1];local j=N[7];local n=N[4];local g=N[0];return function()local N,b=B,O[2][O[1]];if b==N[1]then return;end;local O=l();local l=O-n;if l<10 then p[2][p[1]](o(N[2],10-a),2);return;end;local l,O,B=H,g,j[b];if B[N[3]]~=l[N[4]]then O[1]();end;w[2][w[1]](B[N[5]]);if B[N[6]]~=l[N[7]]then O[2]();end;if B[N[8]]~=l[N[9]]then O[2]();end;O[4](B[N[10]]);O[5](B[N[11]]*10000);O[6](B[N[12]]*100);O[7](B[N[13]]*100);O[8](B[N[14]]*100);O[9](B[N[15]]*100);O[10](B[N[16]]*100);p[2][p[1]](N[17],1);end;end,mj=function(N,N,l)l=N[0x56fC];return l;end,uJ=function(N)local l=N[0];local O=N[14];local H=N[4];local B=N[1];local o=N[12];local w=N[10];local p=N[6];local j=N[2];local n=N[7];local g=N[13];local b=N[9];local X=N[3];local G=N[15];local q=N[5];local y=N[11];local M=N[8];return function()local N,f,T,S,r,I,Q,x,A,z=X,w[2][w[1]],B[2][B[1]],M[2][M[1]],o[2][o[1]],l[2][l[1]],g[2][g[1]],j[2][j[1]],q[2][q[1]],O[2][O[1]];if not f or not x or not T or not S or not r or not A or not I or not z then return;end;local l=y[N[1]];if not l then return;end;local O=y[N[2]];if O then z[N[3]]=O;end;if l==N[4]then local O,B,o=p[2][p[1]],N[7],N[10];A[N[5]]=S;if Q then A[N[6]]=Q;A[B]=b[2][b[1]];end;I[N[8]]=n[2][n[1]];f[B]=T;f[N[9]]=G[2][G[1]];if x[o]~=r then x[o]=r;end;if O then O[N[11]]=I;end;else local O,B,o,w,j,g,b=H[l],p[2][p[1]],N[5],N[7],N[8],N[9],N[10];local l=O[b];A[o]=O[o];if Q then local H=N[6];A[H]=O[H];A[w]=O[N[12]];end;I[j]=O[j]or n[2][n[1]];f[w]=O[w];f[g]=O[g];if x[b]~=l then x[b]=l;end;if B then B[N[11]]=nil;end;end;end;end,Ke=function(N)local l=N[4];local O=N[13];local H=N[14];local B=N[11];local o=N[12];local w=N[17];local p=N[2];local j=N[8];local n=N[6];local g=N[10];local b=N[15];local X=N[1];local G=N[5];local q=N[9];local y=N[16];local M=N[0];local f=N[3];local T=N[7];return function()local N=o;local o,S=N[2],N[3];q(b);local b,r,I,Q=M,p,X[2][X[1]],q;H[N[1]]=I;do local H=b[o];if H then H[S]=B;end;end;r[S]=f;b[o],b[N[4]]=r,false;Q(w);Q(G);if y then T(g[2][g[1]]);return;end;n[O]=l;j();T(I);end;end,x4=function(N)local l=N[1];local O=N[0];return function()local N=O;l[N[1]]=N[2];end;end,tO=function(N)local l=N[2];local O=N[1];local H=N[3];local B=N[0];return function()local N=B[2][B[1]];if not N then return;end;local B=l[N];if not B then return;end;local l=H;O[`{l[1]}{N[l[2]]}{l[3]}`]=false;B();end;end,Os=table.create,sW=function(N)local l=N[1];local O=N[2];local H=N[0];return function()l[2][l[1]]((H[2][H[1]](O[1])));end;end,LO=function(N)local l=N[0];return function(N)l[2][l[1]]=N;end;end,_4=function(N)local l=N[0];local O=N[1];local H=N[2];return function(N)local B,o,w,p=H,l,if N then 0 else 0.25,if N then 0.25 else 0;for N=1,#B do local l=B[N];O(l[1],l[2],w);end;for N=1,#o do local l=o[N];O(l[1],l[2],p);end;end;end,l4=function(N)local l=N[1];local O=N[2];local H=N[0];return function()local N=H[2][H[1]];if not N then return;end;local H,B=O,l;local l,O=H[2],(N[H[1]]);O[l]=if(N[H[3]]~=B)then O[l]else B;end;end,AW=function(N)local l=N[1];local O=N[2];local H=N[4];local B=N[0];local o=N[3];return function(N)local w=o;B[w[1]]=N;if not N then return;end;local N,B=w[2],w[3];local o,w=H[2][H[1]],(O(l));for l=1,#w do local O=w[l];if O[N]~=B then continue;end;o(O);end;end;end,GK=function(N)end,d0=function(N)local l=N[4];local O=N[3];local H=N[1];local B=N[2];local o=N[0];return function()local N=l[2][l[1]];if not N then return;end;local l=O;local O=H[l[1]];if not O then return;end;local H,w,p,j=l[2],l[3],l[4],o[2][o[1]];local o;do local n=j(O);for O=1,#n do local g=n[O];local O=g[H];if O~=w and O~=p then continue;end;o=g;break;end;end;if not o then return;end;local O,w,p,n,g,b=l[5],l[6],l[7],l[8],(j(o));for o=1,#g do local j=g[o];local o=j[H];if o~=O and o~=w and o~=p and o~=n then continue;end;b=j;end;if not b then return;end;local O=l[9];local H=b[O];N[O]=B(H[l[10]],H[l[11]]+5,H[l[12]]);end;end,P4=function(N)local l=N[0];local O=N[1];return function(N)O[l]=N;end;end,YO=function(N)local l=N[10];local O=N[3];local H=N[11];local B=N[5];local o=N[12];local w=N[0];local p=N[7];local j=N[8];local n=N[2];local g=N[9];local b=N[6];local X=N[4];local G=N[1];return function()local N,q,y=n,B,l[2][l[1]];local l,B=N[2],N[4];if y==N[1]then w[l]=`{N[3]}{g[2][g[1]]}`;else w[l]=b[y];end;local n=q[B];q[B]=n*o;local o=O[2][O[1]];if not o then return;end;o[N[5]]=false;p[l]=N[6];w[N[7]]=true;local l=j[2][j[1]];if not l then return;end;local O=G;local o,o,w=O(n);local w,p,p=O(l[B]);l[B]=X(l[N[8]])*H(w,o,p);end;end,fO=function(N)local l=N[2];local O=N[1];local H=N[3];local B=N[0];return function()H[2][H[1]](B,l,O);end;end,Gj=getfenv,gh=function(N)local l=N[2];local O=N[0];local H=N[1];return function(N)if not N then return;end;local B,o=O(l,H,N);if B and o then return o;end;end;end,vO=function(N)local l=N[0];return function(N)l[2][l[1]]=N;end;end,xu=function(N)local l=N[5];local O=N[2];local H=N[3];local B=N[0];local o=N[1];local w=N[4];return function(N)local p,j=o,(O(N));if j~=p[1]then B((w(p[2],j)));return;end;return(l(`{H}{N}`));end;end,x0=function(N)local l=N[5];local O=N[4];local H=N[3];local B=N[0];local o=N[6];local w=N[2];local p=N[1];local j=N[7];return function()local N,n,g,b,X,G,q,y=l,O,B,H[2][H[1]],o,w,p[2][p[1]],j;local l,O=N[1],N[2];while g[l]do b(0.5);if not n(X,G)or g[_2]<1 then continue;end;for N=2,#q do y(q[N]);end;end;end;end,au=function(N)local l=N[0];local O=N[7];local H=N[8];local B=N[12];local o=N[11];local w=N[5];local p=N[10];local j=N[2];local n=N[3];local g=N[9];local b=N[4];local X=N[1];local G=N[6];return function()local N=g;if#X[2][X[1]]<5 then G[2][G[1]](N[1],2);return;end;local g,q,y,M=o,l,O,H;local 